Delete 0/3 rooms due to zero std.
We have 407 signals after deletion.
Checking if optional dependencies exist...
Starting JVM with java class /home/weber/miniconda3/envs/network-inference/lib/python3.11/site-packages/pyspi/lib/jidt/infodynamics.jar.
Loading configuration file: spi_1722502183/176/config.yaml
*** Importing module .statistics.spectral
[0] Adding SPI .statistics.spectral.SpectralGrangerCausality(x,y,{'fs': 1, 'method': 'parametric', 'order': 20, 'statistic': 'mean'})
Succesfully initialised SPI with identifier "sgc_parametric_mean_fs-1_fmin-1e-05_fmax-0-5_order-20" and labels ['unsigned', 'embedding', 'spectral', 'directed', 'lagged']
====================================================================================================
Number of SPIs: 1

Normalising the dataset...

  0%|          | 0/1 [00:00<?, ?it/s]Processing [None: sgc_parametric_mean_fs-1_fmin-1e-05_fmax-0-5_order-20]:   0%|          | 0/1 [00:00<?, ?it/s]/home/weber/miniconda3/envs/network-inference/lib/python3.11/site-packages/pyspi/statistics/spectral.py:423: RuntimeWarning: Mean of empty slice
  result = self._statfn(cache[0, freq_id, :, :], axis=0)
/home/weber/miniconda3/envs/network-inference/lib/python3.11/site-packages/pyspi/statistics/spectral.py:430: UserWarning: Spectral GC: the following processes have >50.0% NaN values:
[[  2 184]
 [  2 277]
 [  4 184]
 [ 15 310]
 [ 57 336]
 [ 61 336]
 [ 76 310]
 [ 82 310]
 [141 353]
 [141 369]
 [144 375]
 [150 184]
 [162 375]
 [163 341]
 [184   2]
 [184   4]
 [184 170]
 [194 375]
 [229 394]
 [252 341]
 [253 375]
 [255  48]
 [255 257]
 [255 272]
 [255 273]
 [255 277]
 [255 285]
 [255 288]
 [255 301]
 [255 317]
 [255 318]
 [255 323]
 [255 328]
 [255 343]
 [255 344]
 [255 353]
 [255 362]
 [255 372]
 [255 373]
 [255 376]
 [255 377]
 [266 341]
 [267 336]
 [268  48]
 [268 305]
 [268 347]
 [268 362]
 [271 394]
 [276 285]
 [277   9]
 [277  56]
 [277  73]
 [277 255]
 [277 268]
 [277 270]
 [277 271]
 [277 274]
 [277 278]
 [277 292]
 [277 295]
 [277 309]
 [277 313]
 [277 318]
 [277 321]
 [277 338]
 [277 356]
 [278 277]
 [285  48]
 [285  73]
 [285  85]
 [285 271]
 [285 300]
 [285 323]
 [285 327]
 [285 356]
 [285 380]
 [292 277]
 [294 353]
 [295  72]
 [295  86]
 [295 273]
 [295 372]
 [298 277]
 [301 255]
 [301 353]
 [301 394]
 [305 336]
 [310   7]
 [310  15]
 [310  42]
 [310  48]
 [310  50]
 [310  70]
 [310  76]
 [310  82]
 [310  88]
 [310 112]
 [310 145]
 [310 164]
 [310 255]
 [310 278]
 [310 283]
 [310 285]
 [310 289]
 [310 292]
 [310 295]
 [310 298]
 [310 305]
 [310 314]
 [310 316]
 [310 321]
 [310 325]
 [310 332]
 [310 341]
 [310 347]
 [310 349]
 [310 353]
 [310 367]
 [310 374]
 [310 375]
 [310 385]
 [310 388]
 [310 394]
 [313 277]
 [314  12]
 [314 163]
 [316 277]
 [318 255]
 [321 277]
 [323 255]
 [323 336]
 [329 353]
 [331 375]
 [336  48]
 [336  57]
 [336  61]
 [336  78]
 [336 250]
 [336 252]
 [336 255]
 [336 259]
 [336 265]
 [336 266]
 [336 267]
 [336 278]
 [336 285]
 [336 292]
 [336 295]
 [336 298]
 [336 305]
 [336 316]
 [336 319]
 [336 321]
 [336 323]
 [336 332]
 [336 337]
 [336 344]
 [336 347]
 [336 369]
 [336 375]
 [336 385]
 [336 388]
 [336 394]
 [336 396]
 [336 398]
 [336 404]
 [338 299]
 [341 141]
 [341 266]
 [341 394]
 [343 255]
 [347 336]
 [353  15]
 [353  68]
 [353  76]
 [353  82]
 [353 130]
 [353 141]
 [353 252]
 [353 255]
 [353 265]
 [353 266]
 [353 271]
 [353 294]
 [353 295]
 [353 301]
 [353 310]
 [353 317]
 [353 318]
 [353 328]
 [353 343]
 [353 344]
 [353 350]
 [353 369]
 [353 373]
 [353 379]
 [353 394]
 [353 398]
 [356 394]
 [369   9]
 [369  43]
 [369 353]
 [373 285]
 [374 310]
 [375  16]
 [375  18]
 [375  24]
 [375  30]
 [375  35]
 [375  36]
 [375  41]
 [375  44]
 [375  45]
 [375  67]
 [375  87]
 [375 112]
 [375 144]
 [375 161]
 [375 162]
 [375 189]
 [375 190]
 [375 194]
 [375 206]
 [375 226]
 [375 256]
 [375 260]
 [375 261]
 [375 264]
 [375 265]
 [375 268]
 [375 274]
 [375 277]
 [375 278]
 [375 292]
 [375 295]
 [375 298]
 [375 300]
 [375 305]
 [375 316]
 [375 317]
 [375 331]
 [375 343]
 [375 347]
 [375 356]
 [375 369]
 [375 379]
 [375 385]
 [375 388]
 [375 394]
 [375 398]
 [375 401]
 [377 277]
 [394   1]
 [394   3]
 [394   6]
 [394   9]
 [394  11]
 [394  13]
 [394  15]
 [394  26]
 [394  32]
 [394  37]
 [394  38]
 [394  50]
 [394  52]
 [394  53]
 [394  68]
 [394  71]
 [394  76]
 [394  78]
 [394  79]
 [394  82]
 [394  83]
 [394  84]
 [394  92]
 [394 154]
 [394 157]
 [394 229]
 [394 241]
 [394 271]
 [394 277]
 [394 288]
 [394 300]
 [394 301]
 [394 305]
 [394 310]
 [394 315]
 [394 318]
 [394 328]
 [394 335]
 [394 341]
 [394 343]
 [394 344]
 [394 347]
 [394 362]
 [394 373]
 [394 374]
 [394 379]
 [394 382]
 [394 385]
 [397 277]
 [398   1]
 [398   5]
 [398  15]
 [398  21]
 [398  25]
 [398  30]
 [398  52]
 [398  56]
 [398  72]
 [398  73]
 [398  82]
 [398  84]
 [398 106]
 [398 132]
 [398 138]
 [398 148]
 [398 167]
 [398 187]
 [398 212]
 [398 237]
 [398 291]
 [398 328]
 [398 339]
 [398 367]
 [398 375]]
These indices will be set to NaN. Set ignore_nan to False or modify nan_threshold parameter if required.
  warnings.warn(
Processing [None: sgc_parametric_mean_fs-1_fmin-1e-05_fmax-0-5_order-20]: 100%|██████████| 1/1 [06:59<00:00, 419.67s/it]Processing [None: sgc_parametric_mean_fs-1_fmin-1e-05_fmax-0-5_order-20]: 100%|██████████| 1/1 [06:59<00:00, 419.67s/it]

Calculation complete. Time taken: 419.6727s

SPI Computation Results Summary
============================================================

Total number of SPIs attempted: 1
Number of SPIs successfully computed: 0 (0.00%)
------------------------------------------------------------
Category       | Count | Percentage
------------------------------------------------------------
Successful     |     0 |   0.00%
NaNs           |     0 |   0.00%
Partial NaNs   |     1 | 100.00%
------------------------------------------------------------

[1] SPIs which produced partial NaN outputs:
------------------------------------------------------------
1. sgc_parametric_mean_fs-1_fmin-1e-05_fmax-0-5_order-20
------------------------------------------------------------

Computation took 430.7373837940395 Seconds
